2
1
0 1
(0 0 0)
(0 1 1)
(1 0 1)
(1 1 0)
1000
10001
........

3
1
a b
(0 0 3)
(0 1 1)
(1 0 2)
(1 1 1)
(2 0 3)
(2 1 1)
a
b
bab
abb
bbaba
babaab
bbbababab
bbbbb
........

4
0 1 2
a b
(0 0 0)
(0 1 1)
(1 0 0)
(1 1 2)
(2 0 0)
(2 1 3)
(3 0 3)
(3 1 3)
bb
aaab
babbb
ababab
bbaabba
abababbba
bbb
........


23
15 16 17 18 19 20 21 22
0 1
(0 0 1)
(0 1 2)
(1 0 3)
(1 1 4)
(2 0 5)
(2 1 6)
(3 0 7)
(3 1 8)
(4 0 9)
(4 1 10)
(5 0 11)
(5 1 12)
(6 0 13)
(6 1 14)
(7 0 15)
(7 1 16)
(8 0 17)
(8 1 18)
(9 0 20)
(9 1 19)
(10 0 21)
(10 1 22)
(11 0 7)
(11 1 8)
(12 0 9)
(12 1 10)
(13 0 12)
(13 1 11)
(14 0 13)
(14 1 14)
(15 0 15)
(15 1 16)
(16 0 17)
(16 1 18)
(17 0 20)
(17 1 19)
(18 0 21)
(18 1 22)
(19 0 10)
(19 1 9)
(20 0 7)
(20 1 8)
(21 0 11)
(21 1 12)
(22 0 13)
(22 1 14)
11
000
10110
00110
01110101
11001110
010101010
0000
.........

2
1
0 1 2 3 4 5 6 7 8 9 _ a b c d e f g h i j k l m n o p q r s t u v w x y A B C D E F G H I J K L M N O P Q R S T U V W X Y Z
(0 0 2)
(0 1 2)
(0 2 2)
(0 3 2)
(0 4 2)
(0 5 2)
(0 6 2)
(0 7 2)
(0 8 2)
(0 9 2)
(0 10 1)
(0 11 1)
(0 12 1)
(0 13 1)
(0 14 1)
(0 15 1)
(0 16 1)
(0 17 1)
(0 18 1)
(0 19 1)
(0 20 1)
(0 21 1)
(0 22 1)
(0 23 1)
(0 24 1)
(0 25 1)
(0 26 1)
(0 27 1)
(0 28 1)
(0 29 1)
(0 30 1)
(0 31 1)
(0 32 1)
(0 33 1)
(0 34 1)
(0 35 1)
(0 36 1)
(0 37 1)
(0 38 1)
(0 39 1)
(0 40 1)
(0 41 1)
(0 42 1)
(0 43 1)
(0 44 1)
(0 45 1)
(0 46 1)
(0 47 1)
(0 48 1)
(0 49 1)
(0 50 1)
(0 51 1)
(0 52 1)
(0 53 1)
(0 54 1)
(0 55 1)
(0 56 1)
(0 57 1)
(0 58 1)
(0 59 1)
(0 60 1)
(0 61 1)
(1 0 1)
(1 1 1)
(1 2 1)
(1 3 1)
(1 4 1)
(1 5 1)
(1 6 1)
(1 7 1)
(1 8 1)
(1 9 1)
(1 10 1)
(1 11 1)
(1 12 1)
(1 13 1)
(1 14 1)
(1 15 1)
(1 16 1)
(1 17 1)
(1 18 1)
(1 19 1)
(1 20 1)
(1 21 1)
(1 22 1)
(1 23 1)
(1 24 1)
(1 25 1)
(1 26 1)
(1 27 1)
(1 28 1)
(1 29 1)
(1 30 1)
(1 31 1)
(1 32 1)
(1 33 1)
(1 34 1)
(1 35 1)
(1 36 1)
(1 37 1)
(1 38 1)
(1 39 1)
(1 40 1)
(1 41 1)
(1 42 1)
(1 43 1)
(1 44 1)
(1 45 1)
(1 46 1)
(1 47 1)
(1 48 1)
(1 49 1)
(1 50 1)
(1 51 1)
(1 52 1)
(1 53 1)
(1 54 1)
(1 55 1)
(1 56 1)
(1 57 1)
(1 58 1)
(1 59 1)
(1 60 1)
(1 61 1)
1st_Assingment
FORTRAN
_finite_automaton
program
X3Y7
_
X=90
X*Y
........

4
3
0 1
(0 0 0)
(0 1 0 1)
(1 0 2)
(1 1 2)
(2 0 3)
(2 1 3)
010100
011
........